{
  "camera_angle_x": 0.9599310885968811,
  "fl_x": 153.6785701576933,
  "fl_y": 153.6785701576933,
  "cx": 79.5,
  "cy": 79.5,
  "w": 160,
  "h": 160,
  "frames": [
    {
      "file_path": "images/000.png",
      "transform_matrix": [
        [
          -0.0,
          -0.258819043636322,
          -0.9659258127212524,
          2.3182220458984375
        ],
        [
          0.0,
          0.9659258723258972,
          -0.25881901383399963,
          0.6211656928062439
        ],
        [
          -1.0,
          0.0,
          0.0,
          0.0
        ],
        [
          0.0,
          0.0,
          0.0,
          1.0
        ]
      ]
    },
    {
      "file_path": "images/001.png",
      "transform_matrix": [
        [
          0.15643449127674103,
          -0.25563254952430725,
          -0.9540336728096008,
          2.2896807193756104
        ],
        [
          0.0,
          0.9659258723258972,
          -0.258819043636322,
          0.6211656928062439
        ],
        [
          -0.9876883625984192,
          -0.04048822447657585,
          -0.15110410749912262,
          0.3626498281955719
        ],
        [
          0.0,
          0.0,
          0.0,
          1.0
        ]
      ]
    },
    {
      "file_path": "images/002.png",
      "transform_matrix": [
        [
          0.30901700258255005,
          -0.24615153670310974,
          -0.9186500906944275,
          2.2047600746154785
        ],
        [
          0.0,
          0.9659258723258972,
          -0.258819043636322,
          0.6211656928062439
        ],
        [
          -0.9510565400123596,
          -0.07997948676347733,
          -0.29848751425743103,
          0.7163699865341187
        ],
        [
          0.0,
          0.0,
          0.0,
          1.0
        ]
      ]
    },
    {
      "file_path": "images/003.png",
      "transform_matrix": [
        [
          0.45399051904678345,
          -0.2306094616651535,
          -0.8606462478637695,
          2.0655508041381836
        ],
        [
          0.0,
          0.9659258723258972,
          -0.258819043636322,
          0.6211656928062439
        ],
        [
          -0.8910065293312073,
          -0.1175013929605484,
          -0.4385211765766144,
          1.0524507761001587
        ],
        [
          0.0,
          0.0,
          0.0,
          1.0
        ]
      ]
    },
    {
      "file_path": "images/004.png",
      "transform_matrix": [
        [
          0.5877852439880371,
          -0.20938901603221893,
          -0.7814503908157349,
          1.8754810094833374
        ],
        [
          0.0,
          0.9659258723258972,
          -0.25881901383399963,
          0.6211656928062439
        ],
        [
          -0.8090170621871948,
          -0.15213000774383545,
          -0.5677568912506104,
          1.3626166582107544
        ],
        [
          0.0,
          0.0,
          0.0,
          1.0
        ]
      ]
    },
    {
      "file_path": "images/005.png",
      "transform_matrix": [
        [
          0.7071067690849304,
          -0.1830127090215683,
          -0.6830127239227295,
          1.639230489730835
        ],
        [
          0.0,
          0.9659258723258972,
          -0.258819043636322,
          0.6211656928062439
        ],
        [
          -0.7071067690849304,
          -0.1830127090215683,
          -0.6830127239227295,
          1.639230489730835
        ],
        [
          0.0,
          0.0,
          0.0,
          1.0
        ]
      ]
    },
    {
      "file_path": "images/006.png",
      "transform_matrix": [
        [
          0.8090170621871948,
          -0.15213000774383545,
          -0.5677568912506104,
          1.3626166582107544
        ],
        [
          0.0,
          0.9659258723258972,
          -0.25881901383399963,
          0.6211656928062439
        ],
        [
          -0.5877852439880371,
          -0.20938901603221893,
          -0.7814503908157349,
          1.8754810094833374
        ],
        [
          0.0,
          0.0,
          0.0,
          1.0
        ]
      ]
    },
    {
      "file_path": "images/007.png",
      "transform_matrix": [
        [
          0.8910065293312073,
          -0.1175013929605484,
          -0.4385211765766144,
          1.0524507761001587
        ],
        [
          0.0,
          0.9659258723258972,
          -0.258819043636322,
          0.6211656928062439
        ],
        [
          -0.45399051904678345,
          -0.2306094616651535,
          -0.8606462478637695,
          2.0655508041381836
        ],
        [
          0.0,
          0.0,
          0.0,
          1.0
        ]
      ]
    },
    {
      "file_path": "images/008.png",
      "transform_matrix": [
        [
          0.9510565400123596,
          -0.07997948676347733,
          -0.29848751425743103,
          0.7163699865341187
        ],
        [
          0.0,
          0.9659258723258972,
          -0.258819043636322,
          0.6211656928062439
        ],
        [
          -0.30901700258255005,
          -0.24615153670310974,
          -0.9186500906944275,
          2.2047600746154785
        ],
        [
          0.0,
          0.0,
          0.0,
          1.0
        ]
      ]
    },
    {
      "file_path": "images/009.png",
      "transform_matrix": [
        [
          0.9876883625984192,
          -0.04048822447657585,
          -0.15110410749912262,
          0.3626498281955719
        ],
        [
          0.0,
          0.9659258723258972,
          -0.258819043636322,
          0.6211656928062439
        ],
        [
          -0.15643449127674103,
          -0.25563254952430725,
          -0.9540336728096008,
          2.2896807193756104
        ],
        [
          0.0,
          0.0,
          0.0,
          1.0
        ]
      ]
    },
    {
      "file_path": "images/010.png",
      "transform_matrix": [
        [
          1.0,
          -1.584809397660759e-17,
          -5.914589533937914e-17,
          1.4195016204939973e-16
        ],
        [
          0.0,
          0.9659258723258972,
          -0.25881901383399963,
          0.6211656928062439
        ],
        [
          -6.123233601181349e-17,
          -0.258819043636322,
          -0.9659258127212524,
          2.3182220458984375
        ],
        [
          0.0,
          0.0,
          0.0,
          1.0
        ]
      ]
    },
    {
      "file_path": "images/011.png",
      "transform_matrix": [
        [
          0.9876883625984192,
          0.04048822447657585,
          0.15110410749912262,
          -0.3626498281955719
        ],
        [
          -0.0,
          0.9659258723258972,
          -0.258819043636322,
          0.6211656928062439
        ],
        [
          0.15643449127674103,
          -0.25563254952430725,
          -0.9540336728096008,
          2.2896807193756104
        ],
        [
          0.0,
          0.0,
          0.0,
          1.0
        ]
      ]
    },
    {
      "file_path": "images/012.png",
      "transform_matrix": [
        [
          0.9510565400123596,
          0.07997948676347733,
          0.29848751425743103,
          -0.7163699865341187
        ],
        [
          -0.0,
          0.9659258723258972,
          -0.258819043636322,
          0.6211656928062439
        ],
        [
          0.30901700258255005,
          -0.24615153670310974,
          -0.9186500906944275,
          2.2047600746154785
        ],
        [
          0.0,
          0.0,
          0.0,
          1.0
        ]
      ]
    },
    {
      "file_path": "images/013.png",
      "transform_matrix": [
        [
          0.8910065293312073,
          0.1175013929605484,
          0.4385211765766144,
          -1.0524507761001587
        ],
        [
          -0.0,
          0.9659258723258972,
          -0.258819043636322,
          0.6211656928062439
        ],
        [
          0.45399051904678345,
          -0.2306094616651535,
          -0.8606462478637695,
          2.0655508041381836
        ],
        [
          0.0,
          0.0,
          0.0,
          1.0
        ]
      ]
    },
    {
      "file_path": "images/014.png",
      "transform_matrix": [
        [
          0.8090170621871948,
          0.15213000774383545,
          0.5677568912506104,
          -1.3626166582107544
        ],
        [
          -0.0,
          0.9659258723258972,
          -0.25881901383399963,
          0.6211656928062439
        ],
        [
          0.5877852439880371,
          -0.20938901603221893,
          -0.7814503908157349,
          1.8754810094833374
        ],
        [
          0.0,
          0.0,
          0.0,
          1.0
        ]
      ]
    },
    {
      "file_path": "images/015.png",
      "transform_matrix": [
        [
          0.7071067690849304,
          0.1830127090215683,
          0.6830127239227295,
          -1.639230489730835
        ],
        [
          -0.0,
          0.9659258723258972,
          -0.258819043636322,
          0.6211656928062439
        ],
        [
          0.7071067690849304,
          -0.1830127090215683,
          -0.6830127239227295,
          1.639230489730835
        ],
        [
          0.0,
          0.0,
          0.0,
          1.0
        ]
      ]
    },
    {
      "file_path": "images/016.png",
      "transform_matrix": [
        [
          0.5877852439880371,
          0.20938901603221893,
          0.7814503908157349,
          -1.8754810094833374
        ],
        [
          -0.0,
          0.9659258723258972,
          -0.25881901383399963,
          0.6211656928062439
        ],
        [
          0.8090170621871948,
          -0.15213000774383545,
          -0.5677568912506104,
          1.3626166582107544
        ],
        [
          0.0,
          0.0,
          0.0,
          1.0
        ]
      ]
    },
    {
      "file_path": "images/017.png",
      "transform_matrix": [
        [
          0.45399051904678345,
          0.2306094616651535,
          0.8606462478637695,
          -2.0655508041381836
        ],
        [
          -0.0,
          0.9659258723258972,
          -0.258819043636322,
          0.6211656928062439
        ],
        [
          0.8910065293312073,
          -0.1175013929605484,
          -0.4385211765766144,
          1.0524507761001587
        ],
        [
          0.0,
          0.0,
          0.0,
          1.0
        ]
      ]
    },
    {
      "file_path": "images/018.png",
      "transform_matrix": [
        [
          0.30901700258255005,
          0.24615153670310974,
          0.9186500906944275,
          -2.2047600746154785
        ],
        [
          -0.0,
          0.9659258723258972,
          -0.258819043636322,
          0.6211656928062439
        ],
        [
          0.9510565400123596,
          -0.07997948676347733,
          -0.29848751425743103,
          0.7163699865341187
        ],
        [
          0.0,
          0.0,
          0.0,
          1.0
        ]
      ]
    },
    {
      "file_path": "images/019.png",
      "transform_matrix": [
        [
          0.15643449127674103,
          0.25563254952430725,
          0.9540336728096008,
          -2.2896807193756104
        ],
        [
          -0.0,
          0.9659258723258972,
          -0.258819043636322,
          0.6211656928062439
        ],
        [
          0.9876883625984192,
          -0.04048822447657585,
          -0.15110410749912262,
          0.3626498281955719
        ],
        [
          0.0,
          0.0,
          0.0,
          1.0
        ]
      ]
    },
    {
      "file_path": "images/020.png",
      "transform_matrix": [
        [
          1.2246467202362698e-16,
          0.258819043636322,
          0.9659258127212524,
          -2.3182220458984375
        ],
        [
          -0.0,
          0.9659258723258972,
          -0.25881901383399963,
          0.6211656928062439
        ],
        [
          1.0,
          -3.169618795321518e-17,
          -1.1829179067875828e-16,
          2.8390032409879946e-16
        ],
        [
          0.0,
          0.0,
          0.0,
          1.0
        ]
      ]
    },
    {
      "file_path": "images/021.png",
      "transform_matrix": [
        [
          -0.15643449127674103,
          0.25563254952430725,
          0.9540336728096008,
          -2.2896807193756104
        ],
        [
          0.0,
          0.9659258723258972,
          -0.258819043636322,
          0.6211656928062439
        ],
        [
          0.9876883625984192,
          0.04048822447657585,
          0.15110410749912262,
          -0.3626498281955719
        ],
        [
          0.0,
          0.0,
          0.0,
          1.0
        ]
      ]
    },
    {
      "file_path": "images/022.png",
      "transform_matrix": [
        [
          -0.30901700258255005,
          0.24615153670310974,
          0.9186500906944275,
          -2.2047600746154785
        ],
        [
          0.0,
          0.9659258723258972,
          -0.258819043636322,
          0.6211656928062439
        ],
        [
          0.9510565400123596,
          0.07997948676347733,
          0.29848751425743103,
          -0.7163699865341187
        ],
        [
          0.0,
          0.0,
          0.0,
          1.0
        ]
      ]
    },
    {
      "file_path": "images/023.png",
      "transform_matrix": [
        [
          -0.45399051904678345,
          0.2306094616651535,
          0.8606462478637695,
          -2.0655508041381836
        ],
        [
          0.0,
          0.9659258723258972,
          -0.258819043636322,
          0.6211656928062439
        ],
        [
          0.8910065293312073,
          0.1175013929605484,
          0.4385211765766144,
          -1.0524507761001587
        ],
        [
          0.0,
          0.0,
          0.0,
          1.0
        ]
      ]
    },
    {
      "file_path": "images/024.png",
      "transform_matrix": [
        [
          -0.5877852439880371,
          0.20938901603221893,
          0.7814503908157349,
          -1.8754810094833374
        ],
        [
          0.0,
          0.9659258723258972,
          -0.25881901383399963,
          0.6211656928062439
        ],
        [
          0.8090170621871948,
          0.15213000774383545,
          0.5677568912506104,
          -1.3626166582107544
        ],
        [
          0.0,
          0.0,
          0.0,
          1.0
        ]
      ]
    },
    {
      "file_path": "images/025.png",
      "transform_matrix": [
        [
          -0.7071067690849304,
          0.1830127090215683,
          0.6830127239227295,
          -1.639230489730835
        ],
        [
          0.0,
          0.9659258723258972,
          -0.258819043636322,
          0.6211656928062439
        ],
        [
          0.7071067690849304,
          0.1830127090215683,
          0.6830127239227295,
          -1.639230489730835
        ],
        [
          0.0,
          0.0,
          0.0,
          1.0
        ]
      ]
    },
    {
      "file_path": "images/026.png",
      "transform_matrix": [
        [
          -0.8090170621871948,
          0.15213000774383545,
          0.5677568912506104,
          -1.3626166582107544
        ],
        [
          0.0,
          0.9659258723258972,
          -0.25881901383399963,
          0.6211656928062439
        ],
        [
          0.5877852439880371,
          0.20938901603221893,
          0.7814503908157349,
          -1.8754810094833374
        ],
        [
          0.0,
          0.0,
          0.0,
          1.0
        ]
      ]
    },
    {
      "file_path": "images/027.png",
      "transform_matrix": [
        [
          -0.8910065293312073,
          0.1175013929605484,
          0.4385211765766144,
          -1.0524507761001587
        ],
        [
          0.0,
          0.9659258723258972,
          -0.258819043636322,
          0.6211656928062439
        ],
        [
          0.45399051904678345,
          0.2306094616651535,
          0.8606462478637695,
          -2.0655508041381836
        ],
        [
          0.0,
          0.0,
          0.0,
          1.0
        ]
      ]
    },
    {
      "file_path": "images/028.png",
      "transform_matrix": [
        [
          -0.9510565400123596,
          0.07997948676347733,
          0.29848751425743103,
          -0.7163699865341187
        ],
        [
          0.0,
          0.9659258723258972,
          -0.258819043636322,
          0.6211656928062439
        ],
        [
          0.30901700258255005,
          0.24615153670310974,
          0.9186500906944275,
          -2.2047600746154785
        ],
        [
          0.0,
          0.0,
          0.0,
          1.0
        ]
      ]
    },
    {
      "file_path": "images/029.png",
      "transform_matrix": [
        [
          -0.9876883625984192,
          0.04048822447657585,
          0.15110410749912262,
          -0.3626498281955719
        ],
        [
          0.0,
          0.9659258723258972,
          -0.258819043636322,
          0.6211656928062439
        ],
        [
          0.15643449127674103,
          0.25563254952430725,
          0.9540336728096008,
          -2.2896807193756104
        ],
        [
          0.0,
          0.0,
          0.0,
          1.0
        ]
      ]
    },
    {
      "file_path": "images/030.png",
      "transform_matrix": [
        [
          -1.0,
          4.7544283584184e-17,
          1.7743769263558231e-16,
          -4.258504729133094e-16
        ],
        [
          0.0,
          0.9659258723258972,
          -0.25881901383399963,
          0.6211656928062439
        ],
        [
          1.8369701465288538e-16,
          0.258819043636322,
          0.9659258127212524,
          -2.3182220458984375
        ],
        [
          0.0,
          0.0,
          0.0,
          1.0
        ]
      ]
    },
    {
      "file_path": "images/031.png",
      "transform_matrix": [
        [
          -0.9876883625984192,
          -0.04048822447657585,
          -0.15110410749912262,
          0.3626498281955719
        ],
        [
          0.0,
          0.9659258723258972,
          -0.258819043636322,
          0.6211656928062439
        ],
        [
          -0.15643449127674103,
          0.25563254952430725,
          0.9540336728096008,
          -2.2896807193756104
        ],
        [
          0.0,
          0.0,
          0.0,
          1.0
        ]
      ]
    }
  ]
}